3
5 10 2
4 1 1
3 5 1
3
0 0
1 2
2 2
1
5
1
0 0
2
50 50
50 50
2
0 0
0 1
2
50 51
51 50
3
0 0
1 1
0 1
5
1 2 3 4 5
2 3 4 5 6
4 5 6 7 8
5 6 7 8 9
6 7 8 9 10
5
1 4
4 4
0 0
2 1
3 4
10
1 2 3 4 5 6 7 8 9 10
2 4 6 8 10 12 14 16 18 20
3 6 9 12 15 18 21 24 27 30
4 8 12 16 20 24 28 32 36 40
5 10 15 20 25 30 35 40 45 50
6 12 18 24 30 36 42 48 54 60
7 14 21 28 35 42 49 56 63 70
8 16 24 32 40 48 56 64 72 80
9 18 27 36 45 54 63 72 81 90
10 20 30 40 50 60 70 80 90 100
2
4 4
7 2
5
10 20 30 40 50
15 25 35 45 55
12 22 32 42 52
18 28 38 48 58
11 21 31 41 51
3
0 0
2 3
4 4
3
0 1 0
1 0 1
0 1 0
2
0 1
2 2
4
1 1 2 2
1 3 4 4
2 4 0 5
2 4 5 6
2
1 2
3 0
3
1 2 3
4 5 6
7 8 9
3
0 0
1 1
2 2